B7Sym15	B7Sym34	B7Sym36	B7Sym4	GV2-100
16-0R26	1	248	278	182	157	227
16-0R29-1	1	248	278	182	157	227
17-0001	1	248	278	188	157	236
16-0R27	1	248	282	182	157	224
16-0R23	1	248	282	182	157	227
16-R032	1	248	282	182	157	227
16-0R22	1	248	286	182	157	227
16-0R29-2	1	266	278	182	157	227
16-0R31	1	266	282	188	159	218
16-0R33	1	266	282	188	159	221
16-0R28	1	266	286	182	157	218
16-0R24	1	266	286	188	157	218
16-0R30	1	268	286	188	159	215
16-0R34	1	270	278	188	159	218
16-0R21	1	270	290	188	157	227
16-0R25	1	270	290	188	159	215
PHK-7	2	248	274	182	157	227
PHK-10	2	248	274	182	157	236
PHK-4	2	248	278	182	157	233
PHK-1	2	248	282	182	157	230
PHK-17	2	248	282	182	157	230
PHK-2	2	248	282	182	157	233
PHK-5	2	248	282	182	157	233
PHK-8	2	248	282	182	157	233
PHK-15	2	248	282	182	157	233
PHK-3-1	2	248	282	182	157	233
PHK-3-2	2	248	282	182	161	233
FL15-998	3	250	266	182	157	230
FL15-1004-1	3	250	266	182	157	230
FL15-1004-2	3	250	270	182	157	230
FL15-1000	3	250	270	182	157	230
FL15-1005	3	250	270	182	157	230
FL15-1006	3	250	270	182	157	233
FL15-1001	3	250	274	182	157	236
FL15-1003	3	250	274	182	157	236
FL15-997	3	250	278	182	157	233
FL15-999	3	250	278	182	157	233
FL15-1002	3	250	278	182	157	233
16-00R1	4	266	270	188	157	218
17-0003	4	266	282	188	157	218
17-0010	4	266	282	188	159	215
17-0006	4	266	282	188	159	218
17-0007	4	266	282	188	159	218
17-0009	4	266	282	188	159	218
16-0R20	4	266	286	186	161	209
17-0002	4	266	286	188	157	218
17-0008	4	266	286	188	159	218
16-0R15	4	268	282	188	159	221
16-0R16	4	268	286	186	165	209
16-0R13	4	268	290	188	159	218
16-0R17	4	268	290	188	159	221
16-00R4-1	4	270	278	188	161	215
16-0R14	4	270	282	188	163	215
16-0R10	4	270	286	188	161	215
16-00R4-2	4	270	286	188	161	215
16-00R9	4	270	290	188	159	215
16-0R12	4	270	290	188	159	215
16-0R18	4	270	290	188	159	218
16-00R7	4	272	282	186	161	212
16-00R6_1	4	268	274	188	163	215
16-00R6_2	4	272	274	188	163	215
PHK-22	5	270	286	188	163	218
PHK-27	5	270	290	188	163	218
PHK-28	5	270	290	188	163	218
PHK-14	5	270	294	188	163	218
PHK-18	5	270	294	188	165	212
PHK-21	5	272	294	188	165	209
PHK-16	5	274	294	188	163	209
HF_3	5	248	278	182	157	-9
PHK-24	6	268	270	188	161	218
PHK-43	6	270	274	188	159	221
PHK-29	6	270	290	188	159	209
PHK-41	6	272	278	188	159	215
PHK-42	6	272	278	188	159	221
PHK-26	6	272	294	188	165	221
PHK-40-2	6	274	290	188	165	218
PHK-40-1	6	274	290	188	165	224
